0 0.351320 0.261128 0.287655 0.145963
0 0.462151 0.245859 0.119177 0.104555
0 0.607919 0.209886 0.041149 0.025880
0 0.820943 0.222567 0.085210 0.069876
0 0.871021 0.202640 0.070458 0.040373
0 0.753300 0.205228 0.051242 0.025880
0 0.675272 0.203804 0.052795 0.029762
0 0.719235 0.209498 0.016110 0.018375
0 0.580551 0.208333 0.013975 0.008799
1 0.863839 0.202510 0.009899 0.046843
1 0.996215 0.195523 0.006793 0.029244
1 0.784259 0.203934 0.010287 0.032609
1 0.188568 0.238742 0.010675 0.016304
2 0.225349 0.127717 0.019022 0.038043
3 0.209045 0.125647 0.015140 0.039079
